12 115 
0 110 
0  83 
0  46 
0 73  
0 88  
0 49  
0 114 
0 53  
0 67  
1 27  
1 17  
1 95  
1 76  
1 96  
1 70  
1 65  
1 87  
1 113 
1 20  
1 62  
1 56  
2 108 
2 51  
2 68  
2 77  
2 22  
2 21  
2  8  
2 111 
2 78  
2  7  
3  41 
3 93  
3 104 
3  0  
3 23  
3  4  
3  9  
3 16  
4 85
4 14  
4 99  
4 12  
4 71  
4 18  
4 26  
4 61  
4 43  
4 38  
4 31  
4 34  
4 54  
5 36  
5 63  
5 82  
5 58  
5 97  
5 42  
5 80  
5 59  
6 57  
6 44  
6 92  
6 75  
6 112 
6 86  
6 66  
6 48  
6 91  
7 28  
7 90  
7 50  
7 69  
7 24  
7 11  
8 101 
8 19  
8 55  
8 35  
8 29  
8 30  
8 79  
8 94  
9 84  
9 98  
9  3  
9 74  
9 81  
9 72  
9  5  
9 40  
9 52  
9 102 
9 107 
9  10 
10 32 
10 39 
10 13 
10 47 
10 15 
10 60 
10  6 
10 100
10  2 
10 64 
10 106
11  1 
11 37 
11 103
11 33 
11 25 
11 109
11 89 
11 105
11  45
